3.5948,3.4519,0.5356,1.0000
2.8928,3.2547,0.3851,1.0000
2.3436,3.3032,0.3734,1.0000
2.0851,3.4627,0.3589,1.0000
1.8876,3.5401,0.3652,1.0000
1.6623,2.9426,0.2801,0.9819
0.8709,1.1780,0.0952,0.4880
0.4461,1.0205,0.0714,0.3675
0.3127,0.3881,0.0273,0.1606
0.2444,0.2626,0.0166,0.0904
0.1981,0.2280,0.0157,0.0984
0.1732,0.0738,0.0052,0.0321
0.1509,0.1378,0.0090,0.0522
0.1332,0.1171,0.0097,0.0562
0.1202,0.1166,0.0074,0.0542
0.1115,0.0347,0.0023,0.0201
0.1047,0.1280,0.0100,0.0683
0.0931,0.0368,0.0027,0.0221
0.0894,0.0304,0.0021,0.0181
0.0821,0.0402,0.0028,0.0221
0.0785,0.0943,0.0042,0.0201
0.0721,0.0099,0.0006,0.0080
0.0712,0.0323,0.0019,0.0141
0.0691,0.0506,0.0046,0.0321
0.0656,0.0450,0.0024,0.0100
0.0629,0.0208,0.0016,0.0120
0.0599,0.0141,0.0008,0.0080
0.0570,0.0429,0.0023,0.0161
0.0553,0.0206,0.0012,0.0060
0.0540,0.0488,0.0024,0.0141
0.0517,0.0376,0.0019,0.0100
0.0512,0.0206,0.0013,0.0080
0.0490,0.0225,0.0011,0.0080
0.0469,0.1061,0.0057,0.0301
0.0451,0.0210,0.0014,0.0080
0.0449,0.0114,0.0004,0.0040
0.0431,0.0134,0.0008,0.0080
0.0451,0.0114,0.0006,0.0060
0.0427,0.0275,0.0018,0.0100
0.0409,0.0290,0.0018,0.0120
0.0378,0.0082,0.0006,0.0060
0.0393,0.0054,0.0003,0.0040
0.0394,0.0110,0.0006,0.0060
0.0377,0.0062,0.0003,0.0040
0.0367,0.0161,0.0005,0.0040
0.0377,0.0173,0.0011,0.0080
0.0375,0.0165,0.0009,0.0080
0.0338,0.0408,0.0023,0.0161
0.0345,0.0092,0.0006,0.0060
0.0318,0.0415,0.0023,0.0181
